# Exercise 1

x <- 10
(((x + 2) * 3) - 6) / 3

# Exercise 2

o1 <- 10
o2 <- o1 + 2
o3 <- o2 * 3
o4 <- o3 - 6
o5 <- o4 / 3

o5*3 == o4
o4 + 6 == o3
o3 / 3 == o2
o2 - 2 == o1

# Exercise 3

v1 <- c(1:5, 'b')


x <- 1:5
(((x + 2) * 3) - 6) / 3


